4.963000000000000397e-03 2.138800000000000076e-02 5.132799999999999863e-02 6.870700000000000418e-02 5.132799999999999863e-02 2.138800000000000076e-02 4.963000000000000397e-03
2.138800000000000076e-02 9.216299999999999493e-02 2.211780000000000135e-01 2.960690000000000266e-01 2.211780000000000135e-01 9.216299999999999493e-02 2.138800000000000076e-02
5.132799999999999863e-02 2.211780000000000135e-01 5.307969999999999633e-01 7.105249999999999622e-01 5.307969999999999633e-01 2.211780000000000135e-01 5.132799999999999863e-02
6.870700000000000418e-02 2.960690000000000266e-01 7.105249999999999622e-01 9.511079999999999535e-01 7.105249999999999622e-01 2.960690000000000266e-01 6.870700000000000418e-02
5.132799999999999863e-02 2.211780000000000135e-01 5.307969999999999633e-01 7.105249999999999622e-01 5.307969999999999633e-01 2.211780000000000135e-01 5.132799999999999863e-02
2.138800000000000076e-02 9.216299999999999493e-02 2.211780000000000135e-01 2.960690000000000266e-01 2.211780000000000135e-01 9.216299999999999493e-02 2.138800000000000076e-02
4.963000000000000397e-03 2.138800000000000076e-02 5.132799999999999863e-02 6.870700000000000418e-02 5.132799999999999863e-02 2.138800000000000076e-02 4.963000000000000397e-03
