5.930801094677917717e-08 1.033067292155465111e-06 8.808257916825823486e-06 3.676187407108955085e-05 7.510198338422924280e-05 7.510198338422924280e-05 3.676187407108955085e-05 8.808257916825823486e-06 1.033067292155465111e-06 5.930801094677917717e-08
1.033067292155465111e-06 1.799466735974419862e-05 1.534282055217772722e-04 6.403432926163077354e-04 1.308177364990115166e-03 1.308177364990115166e-03 6.403432926163077354e-04 1.534282055217772722e-04 1.799466735974419862e-05 1.033067292155465111e-06
8.808257916825823486e-06 1.534282055217772722e-04 1.308177364990115166e-03 5.459769163280725479e-03 1.115393359214067459e-02 1.115393359214067459e-02 5.459769163280725479e-03 1.308177364990115166e-03 1.534282055217772722e-04 8.808257916825823486e-06
3.676187407108955085e-05 6.403432926163077354e-04 5.459769163280725479e-03 2.278672344982624054e-02 4.655171558260917664e-02 4.655171558260917664e-02 2.278672344982624054e-02 5.459769163280725479e-03 6.403432926163077354e-04 3.676187407108955085e-05
7.510198338422924280e-05 1.308177364990115166e-03 1.115393359214067459e-02 4.655171558260917664e-02 9.510196745395660400e-02 9.510196745395660400e-02 4.655171558260917664e-02 1.115393359214067459e-02 1.308177364990115166e-03 7.510198338422924280e-05
7.510198338422924280e-05 1.308177364990115166e-03 1.115393359214067459e-02 4.655171558260917664e-02 9.510196745395660400e-02 9.510196745395660400e-02 4.655171558260917664e-02 1.115393359214067459e-02 1.308177364990115166e-03 7.510198338422924280e-05
3.676187407108955085e-05 6.403432926163077354e-04 5.459769163280725479e-03 2.278672344982624054e-02 4.655171558260917664e-02 4.655171558260917664e-02 2.278672344982624054e-02 5.459769163280725479e-03 6.403432926163077354e-04 3.676187407108955085e-05
8.808257916825823486e-06 1.534282055217772722e-04 1.308177364990115166e-03 5.459769163280725479e-03 1.115393359214067459e-02 1.115393359214067459e-02 5.459769163280725479e-03 1.308177364990115166e-03 1.534282055217772722e-04 8.808257916825823486e-06
1.033067292155465111e-06 1.799466735974419862e-05 1.534282055217772722e-04 6.403432926163077354e-04 1.308177364990115166e-03 1.308177364990115166e-03 6.403432926163077354e-04 1.534282055217772722e-04 1.799466735974419862e-05 1.033067292155465111e-06
5.930801094677917717e-08 1.033067292155465111e-06 8.808257916825823486e-06 3.676187407108955085e-05 7.510198338422924280e-05 7.510198338422924280e-05 3.676187407108955085e-05 8.808257916825823486e-06 1.033067292155465111e-06 5.930801094677917717e-08
