1.834292779676616192e-04 1.094216248020529747e-03 3.195096040144562721e-03 4.566787276417016983e-03 3.195096040144562721e-03 1.094216248020529747e-03 1.834292779676616192e-04
1.094216248020529747e-03 6.527361925691366196e-03 1.905980333685874939e-02 2.724239788949489594e-02 1.905980333685874939e-02 6.527361925691366196e-03 1.094216248020529747e-03
3.195096040144562721e-03 1.905980333685874939e-02 5.565435439348220825e-02 7.954740524291992188e-02 5.565435439348220825e-02 1.905980333685874939e-02 3.195096040144562721e-03
4.566787276417016983e-03 2.724239788949489594e-02 7.954740524291992188e-02 1.136980280280113220e-01 7.954740524291992188e-02 2.724239788949489594e-02 4.566787276417016983e-03
3.195096040144562721e-03 1.905980333685874939e-02 5.565435439348220825e-02 7.954740524291992188e-02 5.565435439348220825e-02 1.905980333685874939e-02 3.195096040144562721e-03
1.094216248020529747e-03 6.527361925691366196e-03 1.905980333685874939e-02 2.724239788949489594e-02 1.905980333685874939e-02 6.527361925691366196e-03 1.094216248020529747e-03
1.834292779676616192e-04 1.094216248020529747e-03 3.195096040144562721e-03 4.566787276417016983e-03 3.195096040144562721e-03 1.094216248020529747e-03 1.834292779676616192e-04
