1.834292925195768476e-04 1.094216364435851574e-03 3.195095807313919067e-03 4.566787742078304291e-03 3.195095807313919067e-03 1.094216364435851574e-03 1.834292925195768476e-04
1.094216364435851574e-03 6.527362391352653503e-03 1.905980333685874939e-02 2.724239788949489594e-02 1.905980333685874939e-02 6.527362391352653503e-03 1.094216364435851574e-03
3.195095807313919067e-03 1.905980333685874939e-02 5.565435066819190979e-02 7.954741269350051880e-02 5.565435066819190979e-02 1.905980333685874939e-02 3.195095807313919067e-03
4.566787742078304291e-03 2.724239788949489594e-02 7.954741269350051880e-02 1.136980280280113220e-01 7.954741269350051880e-02 2.724239788949489594e-02 4.566787742078304291e-03
3.195095807313919067e-03 1.905980333685874939e-02 5.565435066819190979e-02 7.954741269350051880e-02 5.565435066819190979e-02 1.905980333685874939e-02 3.195095807313919067e-03
1.094216364435851574e-03 6.527362391352653503e-03 1.905980333685874939e-02 2.724239788949489594e-02 1.905980333685874939e-02 6.527362391352653503e-03 1.094216364435851574e-03
1.834292925195768476e-04 1.094216364435851574e-03 3.195095807313919067e-03 4.566787742078304291e-03 3.195095807313919067e-03 1.094216364435851574e-03 1.834292925195768476e-04
