5.930801094677917717e-08 1.033067292155465111e-06 8.808257007331121713e-06 3.676187407108955085e-05 7.510199066018685699e-05 7.510199066018685699e-05 3.676187407108955085e-05 8.808257007331121713e-06 1.033067292155465111e-06 5.930801094677917717e-08
1.033067292155465111e-06 1.799466554075479507e-05 1.534282055217772722e-04 6.403432344086468220e-04 1.308177364990115166e-03 1.308177364990115166e-03 6.403432344086468220e-04 1.534282055217772722e-04 1.799466554075479507e-05 1.033067292155465111e-06
8.808257007331121713e-06 1.534282055217772722e-04 1.308177364990115166e-03 5.459769163280725479e-03 1.115393359214067459e-02 1.115393359214067459e-02 5.459769163280725479e-03 1.308177364990115166e-03 1.534282055217772722e-04 8.808257007331121713e-06
3.676187407108955085e-05 6.403432344086468220e-04 5.459769163280725479e-03 2.278672344982624054e-02 4.655171185731887817e-02 4.655171185731887817e-02 2.278672344982624054e-02 5.459769163280725479e-03 6.403432344086468220e-04 3.676187407108955085e-05
7.510199066018685699e-05 1.308177364990115166e-03 1.115393359214067459e-02 4.655171185731887817e-02 9.510196745395660400e-02 9.510196745395660400e-02 4.655171185731887817e-02 1.115393359214067459e-02 1.308177364990115166e-03 7.510199066018685699e-05
7.510199066018685699e-05 1.308177364990115166e-03 1.115393359214067459e-02 4.655171185731887817e-02 9.510196745395660400e-02 9.510196745395660400e-02 4.655171185731887817e-02 1.115393359214067459e-02 1.308177364990115166e-03 7.510199066018685699e-05
3.676187407108955085e-05 6.403432344086468220e-04 5.459769163280725479e-03 2.278672344982624054e-02 4.655171185731887817e-02 4.655171185731887817e-02 2.278672344982624054e-02 5.459769163280725479e-03 6.403432344086468220e-04 3.676187407108955085e-05
8.808257007331121713e-06 1.534282055217772722e-04 1.308177364990115166e-03 5.459769163280725479e-03 1.115393359214067459e-02 1.115393359214067459e-02 5.459769163280725479e-03 1.308177364990115166e-03 1.534282055217772722e-04 8.808257007331121713e-06
1.033067292155465111e-06 1.799466554075479507e-05 1.534282055217772722e-04 6.403432344086468220e-04 1.308177364990115166e-03 1.308177364990115166e-03 6.403432344086468220e-04 1.534282055217772722e-04 1.799466554075479507e-05 1.033067292155465111e-06
5.930801094677917717e-08 1.033067292155465111e-06 8.808257007331121713e-06 3.676187407108955085e-05 7.510199066018685699e-05 7.510199066018685699e-05 3.676187407108955085e-05 8.808257007331121713e-06 1.033067292155465111e-06 5.930801094677917717e-08
